154751 87240 71533 68166 68829 75080 81719 89993 100183 111724 125154 139536 156541 176720 201556 230997 264608 313111 384169 530083 
116925 72783 59079 54108 52036 53286 54986 58985 63650 69892 76495 84486 94264 105959 118212 137546 162134 196503 268820 
97891 61812 50876 46842 44424 44686 45739 48551 51922 55347 60300 66072 73706 82521 93367 108968 132418 179559 
81877 56963 46279 43094 41132 40809 42080 43605 45843 48980 53254 58605 64793 74039 84339 103300 138548 
74272 51961 43764 40801 38417 38272 38217 40537 42750 45561 49497 54866 60549 69401 83389 109970 
64326 46413 40127 36256 35208 34711 35543 37140 38674 41571 45795 50840 58258 69412 88691 
60248 43744 37911 35715 34644 34620 35041 36419 39018 41685 46708 52371 61957 78849 
56380 41979 36195 34325 33407 32897 33976 35467 38185 41402 46520 54411 71894 
53393 41422 36064 34486 33575 33566 34730 36633 39810 43983 50350 66967 
50897 40423 35807 34034 33929 34100 35976 38533 42517 48793 62785 
50283 39068 34838 33608 32940 34167 35513 39366 44972 57076 
45458 36411 33521 32541 32925 34172 36155 42133 52167 
41890 34697 31835 30904 31081 34198 37574 46964 
44114 37048 34130 34267 35931 39222 47814 
40884 34654 31995 32216 35068 42845 
43659 36637 35565 37330 44245 
37866 33413 34469 38061 
40822 37386 40926 
44940 46287 
52168 
